1894
1892
1893
1895
1896
1898
1897
1900
1899
1901
1902
1903
1904
1912
1907
1905
1906
1908
1910
1909
1911
1990
1914
1913
1915
1919
1916
1917
1918
1936
1925
1922
1920
1921
1923
1924
1927
1929
1926
1993
1935
1928
1942
1930
1931
1939
1932
1937
1950
1933
1938
1951
1934
1945
1946
1940
1944
1949
1947
1941
1952
1970
1957
1943
1959
1948
2001
1953
1954
1965
1983
1980
1973
1961
1995
1958
1955
1964
1956
1962
1960
1977
2012
1967
2007
1963
1971
1968
1969
1972
1966
2021
2023
1976
2016
1979
1974
1981
2020
1988
1978
2014
1989
1975
1986
1985
1987
2010
2018
1996
1992
2022
1984
1982
1991
2008
1999
2005
2003
1998
1994
2002
1997
2009
2004
2017
2000
2024
2006
2015
2019
2013
2011
1891
1888
1890
1889
2025
1878
1882
1881
1887
1874
1883
1885
